creating configuration for test3/nasa3 on Some(http://127.0.0.1:9200)
Using query {"query": {"filtered" : {"filter" : {"range" : {"year": { "gte": "1700", "lte" : "2050" }}}}}}
currentResults: HadoopRDD[1] at hadoopRDD at MeteorClusters.scala:43
count: 439
cost: 77249.44739827272
List(24.23333, 89.05, 58.2, 82.93333, 17.83333, 73.98333, 47.21667, 81.01667, 27.8, 67.16667, 20.4625, 86.70278, 56.75, 75.33333, 42.25, 59.2, 44.83333, 95.16667, 25.25417, 80.625, 31.61667, 76.8, 25.85, 83.48333, 20.26667, 76.01667, 10.2, 76.26667, 28.56667, 77.25, 30.3, 76.63333, 28.26667, 78.78333, 25.95, 80.81667, 27.88333, 68.53333, 13.78333, 78.56667, 26.58333, 85.56667, 27.25, 79.96667, 14.18333, 75.8, 23.5, 90.33333, 26.78333, 82.71667, 26.25, 82.0, 27.7, 76.33333, 14.5, 76.5, 17.9, 101.63333, 19.0, 81.0, 22.37778, 71.42722, 30.73111, 66.80222, 26.8, 82.53333, 22.68, 70.31333, 26.03333, 81.46667, 20.33916, 73.22329, 31.58333, 71.6, 29.58333, 77.58333, 25.55, 83.11667, 28.01667, 75.81667, 20.88333, 76.86667, 56.8, 77.0, 29.68333, 78.38333, 55.2, 75.33333, 16.66667, 101.18333, 27.28333, 79.05, 29.48333, 75.5, 51.46667, 84.76667, 26.68333, 93.86667, 19.03333, 81.89167, 32.1, 71.8, 31.6, 65.78333, 32.08333, 76.3, 42.45, 73.36667, 25.14333, 75.81333, 29.53333, 72.3, 26.95, 77.88333, 25.1, 81.53333, 21.86667, 76.03333, 30.4, 78.2, 25.36667, 82.91667, 25.36667, 81.66667, 41.98444, 59.685, 14.88333, 75.6, 21.86667, 82.45, 26.75, 68.41667, 27.35, 68.53333, 22.98333, 76.05, 28.38333, 75.78333, 27.08333, 78.33333, 52.73333, 84.08333, 10.83333, 76.03333, 31.3, 72.38333, 29.71667, 77.95, 12.85, 76.8, 27.66667, 78.25, 12.38333, 78.51667, 28.48333, 78.5, 26.91667, 83.96667, 25.73333, 73.61667, 24.225, 76.525, 32.23333, 76.46667)
List(32.53333, -87.16667, 43.25, -93.66667, 34.48333, -87.83333, 43.2, -79.61667, 41.38333, -86.6, 10.0, -84.1, 43.58333, -89.6, 43.38333, -80.38333, 42.53333, -85.88333, 39.08333, -89.15, 36.05, -94.16667, 35.96667, -82.48333, 32.1025, -81.87278, 35.63333, -78.13333, 36.83333, -84.35, 35.55, -77.53333, 39.08333, -94.4, 38.25, -83.75, 36.08333, -78.06667, 40.25, -74.0, 36.4, -86.5, 43.41667, -94.83333, 47.81667, -96.85, 44.61667, -70.75, 33.01667, -83.96667, 38.5, -94.3, 34.5, -88.66667, 36.75, -93.5, 35.5, -93.5, 37.26667, -89.58333, 36.5, -79.25, 36.16667, -87.33333, 35.03333, -81.88333, 43.0, -80.0, 38.25, -86.16667, 36.1, -81.41667, 36.78333, -78.08333, 41.8, -91.86667, 34.75, -87.0, 44.38333, -68.75, 40.93333, -79.73333, 44.9, -90.28333, 43.76111, -84.50778, 38.4, -84.25, 34.4, -87.06667, 42.52, -82.26)
List(39.75, -97.03333, 34.9, -110.18333, 39.35, -100.45, 25.0, -103.5, 36.8, -108.0, 45.41667, -98.31667, 39.8, -101.2, 26.46667, -105.23333, 32.675, -94.51167, 21.3, -157.86667, 39.24667, -104.58817, 34.31667, -96.15, 53.415, -111.3375, 40.35, -104.9, 33.6, -96.46667, 30.83333, -97.76667, 54.21667, -113.0, 29.45, -96.0, 31.805, -97.01, 20.06667, -103.66667, 20.66667, -101.28333, 51.16667, -117.33333, 43.2, -96.91667, 35.95, -97.58333, 19.96722, -103.05167, 26.96667, -105.31667, 41.68333, -112.13333, 30.75, -95.95, 21.16667, -100.86667, 25.37, -97.37, 16.88333, -99.9, 40.66813, -117.18913, 38.47028, -105.24139, 39.7825, -104.93056, 40.78167, -96.47167)
List(12.85, 11.03333, 13.5, -0.68333, -8.93333, 33.8, 15.0, 48.3, 4.7, 33.63333, 14.0, 28.0, 12.76667, 9.8, 19.08333, 8.38333, 13.66033, 28.96, 20.74575, 32.41275, 5.38333, 16.38333, -3.66667, 32.5, -10.05944, 33.395, 1.16667, 44.16667, 2.88333, 30.83333, 2.0, 22.66667, 9.53333, 39.71667, 1.345, 31.47278, 13.05, 3.16667, 15.78333, -5.9, 11.08333, -0.18333, 12.73333, 15.05, 11.33333, 10.08333, 7.05, 12.43333, 12.91667, 11.91667, 9.91667, 13.98333, 11.49167, 11.65833, 9.06667, 38.41667, 11.85, 8.21667, -3.5, 35.58333, 8.91667, 8.43333, 16.0, 36.0, 24.41667, 39.51667, 9.6, 9.91667, -6.83333, 29.5, 12.9, 7.15, 2.71667, 32.83333, 9.36667, 42.41667, -8.41667, 32.43333, -11.85, 15.83333, 7.05, 12.43333, 11.63333, 24.68333, -4.0, 39.5)
List(-33.0, -58.61667, -31.41667, -60.66667, -19.85, -47.55, -33.16667, -64.95, -30.86667, -64.55, -33.0, -66.0, -37.33333, -61.53333, -21.46028, -49.95083, -7.03333, -40.16667, -30.88333, -64.55, -1.87089, -79.95756, -31.88333, -60.46667, -31.18333, -57.95, 3.405, -76.51, -16.66444, -69.04389, -30.78333, -58.05, -20.0, -45.0, -23.2, -51.83333, -25.5, -54.5, -3.4, -44.33333, -31.23333, -58.16667, -31.6, -65.23333, -22.96667, -44.31667)
List(44.3, 0.4, 52.2, 6.86667, 51.91667, 8.38333, 28.95, 0.81667, 55.46667, 13.78333, 45.43333, -0.45, 56.18333, 10.23333, 51.78333, -1.78333, 36.16667, 3.66667, 37.98333, -1.16667, 41.25, 1.66667, 47.93333, 1.56667, 46.55, 6.81667, 32.33333, -6.3, 43.18111, 13.75333, 50.95, 7.31667, 37.31667, 13.56667, 52.45972, -0.3, 60.66667, 11.0, 51.93333, 15.5, 38.73333, -6.01667, 50.31667, 3.73333, 52.05, 0.3, 52.28333, 7.7, 38.74028, -7.27, 52.55, -8.03333, 56.03333, 13.0, 26.59083, -12.95217, 42.38333, -2.5, 32.25, -8.15, 46.68333, 1.05, 47.93333, 2.91667, 47.47083, 0.97667, 42.53333, 12.61667, 35.61667, 8.83333, 49.86667, 8.65, 54.66667, -7.66667, 55.9, -4.23333, 46.1, 16.33333, 50.3, 8.91667, 46.42137, 14.05217, 44.21667, 0.61667, 44.11667, 4.08333, 48.11667, -3.08333, 16.58333, -11.33333, 53.58333, -2.71667, 49.32694, 7.46472, 42.45, 9.03333, 44.33333, 3.23333, 44.28333, 5.58333, 43.95, -0.05, 52.0, 9.1, 43.38333, -5.15, 48.9, 11.21667, 36.88333, 8.45, 50.775, 6.08333, 16.39806, -9.57028, 45.82133, 6.01533, 45.26667, 10.15, 50.66667, 16.76667, 52.86667, 16.63333, 51.75, 4.0, 48.4, -3.3, 51.6, 10.8, 43.03333, 12.55, 44.38333, 5.16667, 46.0, 13.5, 32.86667, 10.8, 41.93333, -7.46667, 57.81667, 16.23333, 36.95, 9.55, 42.45833, 18.44167, 44.71667, 4.3, 46.25, -1.1, 44.38333, 2.81667, 42.9, 2.25, 44.65, 11.01667, 44.88333, 8.75, 43.86667, 5.38333, 54.4, 10.15, 52.56528, -1.33972, 53.01667, -4.1, 30.0, -7.0, 47.08333, 1.75, 45.08333, 8.3, 48.76667, 0.63333, 43.08333, 0.58333, 47.71667, 5.36667, 23.69639, -5.01472, 54.61667, -6.21667, 34.41667, 3.25, 48.18333, 6.46667, 52.21667, 11.25)
List(43.66667, 45.38333, 47.35, 21.3, 50.625, 35.075, 42.51667, 26.16667, 54.03333, 40.9, 47.83333, 30.76667, 50.75, 33.5, 44.51667, 39.3, 48.7, 37.5, 43.83889, 20.33333, 38.5, 27.0, 39.91667, 42.81667, 50.95, 31.81667, 27.33333, 35.66667, 45.13333, 21.66667, 40.3, 44.5, 39.75, 46.66667, 53.7, 30.1, 39.26333, 31.78, 48.16667, 22.30833, 48.9, 22.4, 51.68333, 30.78333, 48.28333, 38.08333, 49.26667, 18.71667, 55.43333, 53.25, 29.51667, 35.05, 36.23333, 37.13333, 35.27333, 44.21556, 55.78333, 61.36667, 48.6, 38.0, 54.81667, 61.11667, 50.83333, 34.0, 37.35172, 27.32997, 36.54194, 29.41822, 48.76367, 21.17633, 51.15, 31.7, 41.11667, 45.0, 52.03333, 20.93583, 39.8, 26.6, 43.76667, 20.23333, 60.24556, 22.06194, 59.85, 17.66667, 64.43333, 21.2, 50.75, 25.3, 49.86667, 30.83333, 57.35, 37.61667, 46.35, 30.58333, 42.9, 24.7, 61.18333, 22.68333, 55.7, 24.4, 55.0, 34.0, 54.33333, 56.08333, 47.83333, 37.66667)
List(-32.5, 21.9, -71.5, 35.66667, -33.13333, 19.38333, -28.2, 24.56667, -32.1, 28.33333, -26.16667, 28.41667, -13.66667, 33.91667, -27.2, 31.31667, -17.3, 15.83333, -27.7, 27.3, -33.75, 18.56667)
List(33.6, 130.43333, 26.46469, 106.63241, 44.05, 126.16667, 38.98333, 141.61667, 36.85, 138.38333, 34.73333, 135.16667, 32.03333, 130.63333, 40.81056, 140.78556, 45.5, 119.03333, 32.91667, 120.78333, 30.3, 109.5, 31.91667, 104.91667, 28.53333, 109.31667, 34.6, 116.75, 31.47556, 113.56694, 39.80417, 122.76389, 35.0, 127.5, 35.5, 115.41667, 35.73333, 139.75, 51.2, 112.3, 25.15, 105.18333, 32.9, 115.9, 34.3, 133.95, 37.05, 138.38333, 35.66667, 115.5, 30.80833, 109.5, 33.43333, 127.26667, 33.18333, 130.2, 35.53333, 136.88333, 37.1, 118.4, 35.65, 139.33333, 35.2945, 136.70033, 34.45, 132.38333, 41.0, 112.0, 35.2, 118.8, 35.36667, 136.76667, 11.75, 122.33333, 36.04167, 139.95667, 29.08333, 111.75)
List(-7.75, 112.01667, -6.33333, 106.0, -3.0, 151.0, -7.71667, 111.2, -35.08333, 139.91667, -33.35, 146.85833, -7.25, 107.7, -7.0, 115.5, -31.66667, 152.83333, -29.46667, 151.61667, -6.03333, 145.36667, -6.91667, 107.6, -6.95, 108.1, -7.5, 111.5)
